Scoring with :micro
{"time": 0, "cm": [[34, 0, 0], [0, 693, 0], [0, 3, 0]]}
{"time": 1, "cm": [[34, 0, 0], [0, 693, 0], [0, 3, 0]]}
{"time": 2, "cm": [[34, 0, 0], [0, 693, 0], [0, 3, 0]]}
{"time": 3, "cm": [[34, 0, 0], [0, 693, 0], [0, 3, 0]]}
{"time": 4, "cm": [[34, 0, 0], [0, 693, 0], [0, 3, 0]]}
{"time": 5, "cm": [[34, 0, 0], [0, 693, 0], [0, 3, 0]]}
{"time": 6, "cm": [[34, 0, 0], [0, 693, 0], [0, 3, 0]]}
{"time": 7, "cm": [[34, 0, 0], [0, 693, 0], [0, 3, 0]]}
{"time": 8, "cm": [[34, 0, 0], [0, 693, 0], [0, 3, 0]]}
{"time": 9, "cm": [[34, 0, 0], [0, 693, 0], [0, 3, 0]]}
{"time": 10, "cm": [[34, 0, 0], [0, 693, 0], [0, 3, 0]]}
{"time": 11, "cm": [[34, 0, 0], [0, 693, 0], [0, 3, 0]]}
{"time": 12, "cm": [[34, 0, 0], [0, 693, 0], [0, 3, 0]]}
{"time": 13, "cm": [[34, 0, 0], [0, 693, 0], [0, 3, 0]]}
{"time": 14, "cm": [[34, 0, 0], [0, 693, 0], [0, 3, 0]]}
{"time": 15, "cm": [[34, 0, 0], [0, 693, 0], [0, 3, 0]]}
{"time": 16, "cm": [[34, 0, 0], [0, 693, 0], [0, 3, 0]]}
{"time": 17, "cm": [[34, 0, 0], [0, 693, 0], [0, 3, 0]]}
{"time": 18, "cm": [[34, 0, 0], [0, 693, 0], [0, 3, 0]]}
{"time": 19, "cm": [[34, 0, 0], [0, 693, 0], [0, 3, 0]]}
{"time": 20, "cm": [[34, 0, 0], [0, 693, 0], [0, 3, 0]]}
{"time": 21, "cm": [[34, 0, 0], [0, 693, 0], [0, 3, 0]]}
{"time": 22, "cm": [[34, 0, 0], [0, 693, 0], [0, 3, 0]]}
{"time": 23, "cm": [[34, 0, 0], [0, 693, 0], [0, 3, 0]]}
{"time": 24, "cm": [[34, 0, 0], [0, 693, 0], [0, 3, 0]]}
{"time": 25, "cm": [[34, 1, 0], [0, 693, 0], [0, 2, 0]]}
{"time": 26, "cm": [[35, 0, 0], [0, 693, 0], [0, 2, 0]]}
{"time": 27, "cm": [[35, 0, 0], [0, 693, 0], [0, 2, 0]]}
{"time": 28, "cm": [[35, 0, 0], [0, 693, 0], [0, 2, 0]]}
{"time": 29, "cm": [[35, 0, 0], [0, 693, 0], [0, 2, 0]]}
{"time": 30, "cm": [[35, 0, 0], [0, 693, 0], [0, 2, 0]]}
{"time": 31, "cm": [[35, 0, 0], [0, 693, 0], [0, 2, 0]]}
{"time": 32, "cm": [[35, 0, 0], [0, 693, 0], [0, 2, 0]]}
{"time": 33, "cm": [[35, 0, 0], [0, 693, 0], [0, 2, 0]]}
{"time": 34, "cm": [[35, 0, 0], [0, 693, 0], [0, 2, 0]]}
{"time": 35, "cm": [[35, 0, 0], [0, 693, 0], [0, 2, 0]]}
{"time": 36, "cm": [[35, 0, 0], [0, 693, 0], [0, 2, 0]]}
{"time": 37, "cm": [[35, 0, 0], [0, 693, 0], [0, 2, 0]]}
{"time": 38, "cm": [[35, 0, 0], [0, 693, 0], [0, 2, 0]]}
{"time": 39, "cm": [[35, 0, 0], [0, 693, 0], [0, 2, 0]]}
{"time": 40, "cm": [[35, 0, 0], [0, 693, 0], [0, 2, 0]]}
{"time": 41, "cm": [[35, 0, 0], [0, 693, 0], [0, 2, 0]]}
{"time": 42, "cm": [[35, 0, 0], [0, 693, 0], [0, 2, 0]]}
{"time": 43, "cm": [[35, 0, 0], [0, 693, 0], [0, 2, 0]]}
{"time": 44, "cm": [[35, 0, 0], [0, 693, 0], [0, 2, 0]]}
{"time": 45, "cm": [[35, 0, 0], [0, 693, 0], [0, 2, 0]]}
{"time": 46, "cm": [[35, 0, 0], [0, 693, 0], [0, 2, 0]]}
{"time": 47, "cm": [[35, 0, 0], [0, 693, 0], [0, 2, 0]]}
{"time": 48, "cm": [[35, 0, 0], [0, 693, 0], [0, 2, 0]]}
{"time": 49, "cm": [[35, 0, 0], [0, 693, 0], [0, 2, 0]]}
{"time": 50, "cm": [[35, 0, 0], [0, 693, 0], [0, 2, 0]]}
{"time": 51, "cm": [[35, 0, 0], [0, 693, 0], [0, 2, 0]]}
{"time": 52, "cm": [[35, 0, 0], [0, 693, 0], [0, 2, 0]]}
{"time": 53, "cm": [[35, 0, 0], [0, 693, 0], [0, 2, 0]]}
{"time": 54, "cm": [[35, 0, 0], [0, 693, 0], [0, 2, 0]]}
{"time": 55, "cm": [[35, 0, 0], [0, 693, 0], [0, 2, 0]]}
{"time": 56, "cm": [[35, 0, 0], [0, 693, 0], [0, 2, 0]]}
{"time": 57, "cm": [[35, 0, 0], [0, 693, 0], [0, 2, 0]]}
{"time": 58, "cm": [[35, 0, 0], [0, 693, 0], [0, 2, 0]]}
{"time": 59, "cm": [[35, 0, 0], [0, 693, 0], [0, 2, 0]]}
{"time": 60, "cm": [[35, 0, 0], [0, 693, 0], [0, 2, 0]]}
{"time": 61, "cm": [[35, 0, 0], [0, 693, 0], [0, 2, 0]]}
{"time": 62, "cm": [[35, 0, 0], [0, 693, 0], [0, 2, 0]]}
{"time": 63, "cm": [[35, 0, 0], [0, 693, 0], [0, 2, 0]]}
{"time": 64, "cm": [[35, 0, 0], [0, 693, 0], [0, 2, 0]]}
{"time": 65, "cm": [[35, 0, 0], [0, 693, 0], [0, 2, 0]]}
{"time": 66, "cm": [[35, 0, 0], [0, 693, 0], [0, 2, 0]]}
{"time": 67, "cm": [[35, 0, 0], [0, 693, 0], [0, 2, 0]]}
{"time": 68, "cm": [[35, 0, 0], [0, 693, 0], [0, 2, 0]]}
{"time": 69, "cm": [[35, 0, 0], [0, 693, 0], [0, 2, 0]]}
{"time": 70, "cm": [[35, 0, 0], [0, 693, 0], [0, 2, 0]]}
{"time": 71, "cm": [[35, 0, 0], [0, 693, 0], [0, 2, 0]]}
{"time": 72, "cm": [[35, 0, 0], [0, 693, 0], [0, 2, 0]]}
{"time": 73, "cm": [[35, 0, 0], [0, 693, 0], [0, 2, 0]]}
{"time": 74, "cm": [[35, 0, 0], [0, 693, 0], [0, 2, 0]]}
{"time": 75, "cm": [[35, 0, 0], [0, 693, 0], [0, 2, 0]]}
{"time": 76, "cm": [[35, 0, 0], [0, 693, 0], [0, 2, 0]]}
{"time": 77, "cm": [[35, 0, 0], [0, 693, 0], [0, 2, 0]]}
{"time": 78, "cm": [[35, 0, 0], [0, 693, 0], [0, 2, 0]]}
{"time": 79, "cm": [[35, 0, 0], [0, 693, 0], [0, 2, 0]]}
{"time": 80, "cm": [[35, 0, 0], [0, 693, 0], [0, 2, 0]]}
{"time": 81, "cm": [[35, 0, 0], [0, 693, 0], [0, 2, 0]]}
{"time": 82, "cm": [[35, 0, 0], [0, 693, 0], [0, 2, 0]]}
{"time": 83, "cm": [[35, 0, 0], [0, 693, 0], [0, 2, 0]]}
{"time": 84, "cm": [[35, 0, 0], [0, 693, 0], [0, 2, 0]]}
{"time": 85, "cm": [[35, 0, 0], [0, 693, 0], [0, 2, 0]]}
{"time": 86, "cm": [[0, 0, 1, 0], [0, 35, 0, 0], [0, 0, 693, 0], [0, 0, 1, 0]]}
{"time": 87, "cm": [[0, 1, 0, 0], [0, 35, 0, 0], [0, 0, 693, 0], [0, 0, 1, 0]]}
{"time": 88, "cm": [[0, 1, 0, 0], [0, 35, 0, 0], [0, 0, 693, 0], [0, 0, 1, 0]]}
{"time": 89, "cm": [[0, 1, 0, 0], [0, 35, 0, 0], [0, 0, 693, 0], [0, 0, 1, 0]]}
{"time": 90, "cm": [[0, 1, 0, 0], [0, 35, 0, 0], [0, 0, 693, 0], [0, 0, 1, 0]]}
{"time": 91, "cm": [[0, 1, 0, 0], [0, 35, 0, 0], [0, 0, 693, 0], [0, 0, 1, 0]]}
{"time": 92, "cm": [[0, 1, 0, 0], [0, 35, 0, 0], [0, 0, 693, 0], [0, 0, 1, 0]]}
{"time": 93, "cm": [[0, 1, 0, 0], [0, 35, 0, 0], [0, 0, 693, 0], [0, 0, 1, 0]]}
{"time": 94, "cm": [[0, 1, 0, 0], [0, 35, 0, 0], [0, 0, 693, 0], [0, 0, 1, 0]]}
{"time": 95, "cm": [[0, 1, 0, 0], [0, 35, 0, 0], [0, 0, 693, 0], [0, 0, 1, 0]]}
{"time": 96, "cm": [[0, 1, 0, 0], [0, 35, 0, 0], [0, 0, 693, 0], [0, 0, 1, 0]]}
{"time": 97, "cm": [[0, 1, 0, 0], [0, 35, 0, 0], [0, 0, 693, 0], [0, 0, 1, 0]]}
{"time": 98, "cm": [[0, 1, 0, 0], [0, 35, 0, 0], [0, 0, 693, 0], [0, 0, 1, 0]]}
{"time": 99, "cm": [[0, 1, 0, 0], [0, 35, 0, 0], [0, 0, 693, 0], [0, 0, 1, 0]]}
{"time": 100, "cm": [[0, 1, 0, 0], [0, 35, 0, 0], [0, 0, 693, 0], [0, 0, 1, 0]]}
{"time": 101, "cm": [[0, 1, 0, 0], [0, 35, 0, 0], [0, 0, 693, 0], [0, 0, 1, 0]]}
{"time": 102, "cm": [[0, 1, 0, 0], [0, 35, 0, 0], [0, 0, 693, 0], [0, 0, 1, 0]]}
{"time": 103, "cm": [[0, 1, 0, 0], [0, 35, 0, 0], [0, 0, 693, 0], [0, 0, 1, 0]]}
{"time": 104, "cm": [[0, 1, 0, 0], [0, 35, 0, 0], [0, 0, 693, 0], [0, 0, 1, 0]]}
{"time": 105, "cm": [[0, 1, 0, 0], [0, 35, 0, 0], [0, 0, 693, 0], [0, 0, 1, 0]]}
{"time": 106, "cm": [[0, 1, 0, 0], [0, 35, 0, 0], [0, 0, 693, 0], [0, 0, 1, 0]]}
{"time": 107, "cm": [[0, 1, 0, 0], [0, 35, 0, 0], [0, 0, 693, 0], [0, 0, 1, 0]]}
{"time": 108, "cm": [[0, 1, 0, 0], [0, 35, 0, 0], [0, 0, 693, 0], [0, 0, 1, 0]]}
{"time": 109, "cm": [[0, 1, 0, 0], [0, 35, 0, 0], [0, 0, 693, 0], [0, 0, 1, 0]]}
{"time": 110, "cm": [[0, 1, 0, 0], [0, 35, 0, 0], [0, 0, 693, 0], [0, 0, 1, 0]]}
{"time": 111, "cm": [[0, 1, 0, 0], [0, 35, 0, 0], [0, 0, 693, 0], [0, 0, 1, 0]]}
{"time": 112, "cm": [[0, 1, 0, 0], [0, 35, 0, 0], [0, 0, 693, 0], [0, 0, 1, 0]]}
{"time": 113, "cm": [[0, 1, 1], [0, 35, 0], [0, 0, 693]]}
{"time": 114, "cm": [[0, 2, 0], [0, 35, 0], [0, 0, 693]]}
{"time": 115, "cm": [[0, 2, 0], [0, 35, 0], [0, 0, 693]]}
{"time": 116, "cm": [[0, 2, 0], [0, 35, 0], [0, 0, 693]]}
{"time": 117, "cm": [[0, 2, 0], [0, 35, 0], [0, 0, 693]]}
{"time": 118, "cm": [[0, 2, 0], [0, 35, 0], [0, 0, 693]]}
{"time": 119, "cm": [[0, 2, 0], [0, 35, 0], [0, 0, 693]]}
{"time": 120, "cm": [[0, 2, 0], [0, 35, 0], [0, 0, 693]]}
{"time": 121, "cm": [[0, 2, 0], [0, 35, 0], [0, 0, 693]]}
{"time": 122, "cm": [[0, 2, 0], [0, 35, 0], [0, 0, 693]]}
{"time": 123, "cm": [[0, 2, 0], [0, 35, 0], [0, 0, 693]]}
{"time": 124, "cm": [[0, 2, 0], [0, 35, 0], [0, 0, 693]]}
{"time": 125, "cm": [[0, 2, 0], [0, 35, 0], [0, 0, 693]]}
{"time": 126, "cm": [[0, 2, 0], [0, 35, 0], [0, 0, 693]]}
{"time": 127, "cm": [[0, 2, 0], [0, 35, 0], [0, 0, 693]]}
{"time": 128, "cm": [[0, 2, 0], [0, 35, 0], [0, 0, 693]]}
{"time": 129, "cm": [[0, 2, 0], [0, 35, 0], [0, 0, 693]]}
{"time": 130, "cm": [[0, 2, 0], [0, 35, 0], [0, 0, 693]]}
{"time": 131, "cm": [[0, 2, 0], [0, 35, 0], [0, 0, 693]]}
{"time": 132, "cm": [[0, 2, 0], [0, 35, 0], [0, 0, 693]]}
{"time": 133, "cm": [[0, 2, 0], [0, 35, 0], [0, 0, 693]]}
{"time": 134, "cm": [[0, 2, 0], [0, 35, 0], [0, 0, 693]]}
{"time": 135, "cm": [[0, 2, 0], [0, 35, 0], [0, 0, 693]]}
{"time": 136, "cm": [[0, 2, 0], [0, 35, 0], [0, 0, 693]]}
{"time": 137, "cm": [[0, 2, 0], [0, 35, 0], [0, 0, 693]]}
{"time": 138, "cm": [[0, 2, 0], [0, 35, 0], [0, 0, 693]]}
{"time": 139, "cm": [[0, 2, 0], [0, 35, 0], [0, 0, 693]]}
{"time": 140, "cm": [[0, 2, 0], [0, 35, 0], [0, 0, 693]]}
{"time": 141, "cm": [[0, 2, 0], [0, 35, 0], [0, 0, 693]]}
{"time": 142, "cm": [[0, 2, 0], [0, 35, 0], [0, 0, 693]]}
{"time": 143, "cm": [[0, 2, 0], [0, 35, 0], [0, 0, 693]]}
{"time": 144, "cm": [[0, 2, 0], [0, 35, 0], [0, 0, 693]]}
{"time": 145, "cm": [[0, 2, 1], [0, 35, 0], [0, 0, 692]]}
{"time": 146, "cm": [[0, 3, 0], [0, 35, 0], [0, 0, 692]]}
{"time": 147, "cm": [[0, 3, 0], [0, 35, 0], [0, 0, 692]]}
{"time": 148, "cm": [[0, 3, 0], [0, 35, 0], [0, 0, 692]]}
{"time": 149, "cm": [[0, 3, 0], [0, 35, 0], [0, 0, 692]]}
{"time": 150, "cm": [[0, 3, 0], [0, 35, 0], [0, 0, 692]]}
{"time": 151, "cm": [[0, 3, 0], [0, 35, 0], [0, 0, 692]]}
{"time": 152, "cm": [[0, 3, 0], [0, 35, 0], [0, 0, 692]]}
{"time": 153, "cm": [[0, 3, 0], [0, 35, 0], [0, 0, 692]]}
{"time": 154, "cm": [[0, 3, 0], [0, 35, 0], [0, 0, 692]]}
{"time": 155, "cm": [[0, 3, 0], [0, 35, 0], [0, 0, 692]]}
{"time": 156, "cm": [[0, 3, 0], [0, 35, 0], [0, 0, 692]]}
{"time": 157, "cm": [[0, 3, 0], [0, 35, 0], [0, 0, 692]]}
{"time": 158, "cm": [[0, 3, 0], [0, 35, 0], [0, 0, 692]]}
{"time": 159, "cm": [[0, 3, 0], [0, 35, 0], [0, 0, 692]]}
{"time": 160, "cm": [[0, 3, 0], [0, 35, 0], [0, 0, 692]]}
{"time": 161, "cm": [[0, 3, 0], [0, 35, 0], [0, 0, 692]]}
{"time": 162, "cm": [[0, 3, 0], [0, 35, 0], [0, 0, 692]]}
{"time": 163, "cm": [[0, 3, 0], [0, 35, 0], [0, 0, 692]]}
{"time": 164, "cm": [[0, 3, 0], [0, 35, 0], [0, 0, 692]]}
{"time": 165, "cm": [[0, 3, 0], [0, 35, 0], [0, 0, 692]]}
{"time": 166, "cm": [[0, 3, 0], [0, 35, 0], [0, 0, 692]]}
{"time": 167, "cm": [[0, 3, 0], [0, 35, 0], [0, 0, 692]]}
{"time": 168, "cm": [[0, 3, 0], [0, 35, 0], [0, 0, 692]]}
{"time": 169, "cm": [[0, 3, 0], [0, 35, 0], [0, 0, 692]]}
{"time": 170, "cm": [[0, 3, 0], [0, 35, 0], [0, 0, 692]]}
{"time": 171, "cm": [[0, 3, 0], [0, 35, 0], [0, 0, 692]]}
{"time": 172, "cm": [[0, 3, 0], [0, 35, 0], [0, 0, 692]]}
{"time": 173, "cm": [[0, 3, 0], [0, 35, 0], [0, 0, 692]]}
{"time": 174, "cm": [[0, 3, 0], [0, 35, 0], [0, 0, 692]]}
{"time": 175, "cm": [[0, 3, 0], [0, 35, 0], [0, 0, 692]]}
{"time": 176, "cm": [[0, 3, 0], [0, 35, 0], [0, 0, 692]]}
{"time": 177, "cm": [[0, 3, 0], [0, 35, 0], [0, 0, 692]]}
{"time": 178, "cm": [[0, 3, 0], [0, 35, 0], [0, 0, 692]]}
{"time": 179, "cm": [[0, 3, 0], [0, 35, 0], [0, 0, 692]]}
{"time": 180, "cm": [[0, 3, 0], [0, 35, 0], [0, 0, 692]]}
{"time": 181, "cm": [[0, 3, 0], [0, 35, 0], [0, 0, 692]]}
{"time": 182, "cm": [[0, 3, 0], [0, 35, 0], [0, 0, 692]]}
{"time": 183, "cm": [[0, 3, 0], [0, 35, 0], [0, 0, 692]]}
{"time": 184, "cm": [[0, 3, 0], [0, 35, 0], [0, 0, 692]]}
{"time": 185, "cm": [[0, 3, 0], [0, 35, 0], [0, 0, 692]]}
{"time": 186, "cm": [[0, 3, 0], [0, 35, 0], [0, 0, 692]]}
{"time": 187, "cm": [[0, 3, 0], [0, 35, 0], [0, 0, 692]]}
{"time": 188, "cm": [[0, 3, 0], [0, 35, 0], [0, 0, 692]]}
{"time": 189, "cm": [[0, 3, 0], [0, 35, 0], [0, 0, 692]]}
{"time": 190, "cm": [[0, 3, 0], [0, 35, 0], [0, 0, 692]]}
{"time": 191, "cm": [[0, 3, 0], [0, 35, 0], [0, 0, 692]]}
{"time": 192, "cm": [[0, 3, 0], [0, 35, 0], [0, 0, 692]]}
{"time": 193, "cm": [[0, 3, 0], [0, 35, 0], [0, 0, 692]]}
{"time": 194, "cm": [[0, 3, 0], [0, 35, 0], [0, 0, 692]]}
{"time": 195, "cm": [[0, 3, 0], [0, 35, 0], [0, 0, 692]]}
{"time": 196, "cm": [[0, 3, 0], [0, 35, 0], [0, 0, 692]]}
{"time": 197, "cm": [[0, 3, 0], [0, 35, 0], [0, 0, 692]]}
{"time": 198, "cm": [[0, 3, 0], [0, 35, 0], [0, 0, 692]]}
{"time": 199, "cm": [[0, 3, 0], [0, 35, 0], [0, 0, 692]]}
{"time": 200, "cm": [[0, 3, 0], [0, 35, 0], [0, 0, 692]]}
{"time": 201, "cm": [[0, 3, 0], [0, 35, 0], [0, 0, 692]]}
{"time": 202, "cm": [[0, 3, 0], [0, 35, 0], [0, 0, 692]]}
{"time": 203, "cm": [[0, 3, 0], [0, 35, 0], [0, 0, 692]]}
{"time": 204, "cm": [[0, 3, 0], [0, 35, 0], [0, 0, 692]]}
{"time": 205, "cm": [[0, 3, 0], [0, 35, 0], [0, 0, 692]]}
{"time": 206, "cm": [[0, 3, 0], [0, 35, 0], [0, 0, 692]]}
{"time": 207, "cm": [[0, 3, 0], [0, 35, 0], [0, 0, 692]]}
{"time": 208, "cm": [[0, 3, 0], [0, 35, 0], [0, 0, 692]]}
{"time": 209, "cm": [[0, 3, 0], [0, 35, 0], [0, 0, 692]]}
{"time": 210, "cm": [[0, 3, 0], [0, 35, 0], [0, 0, 692]]}
{"time": 211, "cm": [[0, 3, 0], [0, 35, 0], [0, 0, 692]]}
{"time": 212, "cm": [[0, 3, 0], [0, 35, 0], [0, 0, 692]]}
{"time": 213, "cm": [[0, 3, 0], [0, 35, 0], [0, 0, 692]]}
{"time": 214, "cm": [[0, 3, 0], [0, 35, 0], [0, 0, 692]]}
{"time": 215, "cm": [[0, 3, 0], [0, 35, 0], [0, 0, 692]]}
{"time": 216, "cm": [[0, 3, 0], [0, 35, 0], [0, 0, 692]]}
{"time": 217, "cm": [[0, 3, 0], [0, 35, 0], [0, 0, 692]]}
{"time": 218, "cm": [[0, 3, 0], [0, 35, 0], [0, 0, 692]]}
{"time": 219, "cm": [[0, 3, 0], [0, 35, 0], [0, 0, 692]]}
{"time": 220, "cm": [[0, 3, 0], [0, 35, 0], [0, 0, 692]]}
{"time": 221, "cm": [[0, 3, 0], [0, 35, 0], [0, 0, 692]]}
{"time": 222, "cm": [[0, 3, 0], [0, 35, 0], [0, 0, 692]]}
{"time": 223, "cm": [[0, 3, 0], [0, 35, 0], [0, 0, 692]]}
{"time": 224, "cm": [[0, 3, 0], [0, 35, 0], [0, 0, 692]]}
{"time": 225, "cm": [[0, 3, 0], [0, 35, 0], [0, 0, 692]]}
{"time": 226, "cm": [[0, 3, 0], [0, 35, 0], [0, 0, 692]]}
{"time": 227, "cm": [[0, 3, 0], [0, 35, 0], [0, 0, 692]]}
{"time": 228, "cm": [[0, 3, 0], [0, 35, 0], [0, 0, 692]]}
{"time": 229, "cm": [[0, 3, 0], [0, 35, 0], [0, 0, 692]]}
{"time": 230, "cm": [[0, 3, 0], [0, 35, 0], [0, 0, 692]]}
{"time": 231, "cm": [[0, 0, 0, 1], [0, 0, 3, 0], [0, 0, 35, 0], [0, 0, 0, 691]]}
{"time": 232, "cm": [[0, 0, 1, 0], [0, 0, 3, 0], [0, 0, 35, 0], [0, 0, 0, 691]]}
{"time": 233, "cm": [[0, 0, 1, 0], [0, 0, 3, 0], [0, 0, 35, 0], [0, 0, 0, 691]]}
{"time": 234, "cm": [[0, 0, 1, 0], [0, 0, 3, 0], [0, 0, 35, 0], [0, 0, 0, 691]]}
{"time": 235, "cm": [[0, 0, 1, 0], [0, 0, 3, 0], [0, 0, 35, 0], [0, 0, 0, 691]]}
{"time": 236, "cm": [[0, 0, 1, 0], [0, 0, 3, 0], [0, 0, 35, 0], [0, 0, 0, 691]]}
{"time": 237, "cm": [[0, 0, 1, 0], [0, 0, 3, 0], [0, 0, 35, 0], [0, 0, 0, 691]]}
{"time": 238, "cm": [[0, 0, 1, 0], [0, 0, 3, 0], [0, 0, 35, 0], [0, 0, 0, 691]]}
{"time": 239, "cm": [[0, 0, 1, 0], [0, 0, 3, 0], [0, 0, 35, 0], [0, 0, 0, 691]]}
{"time": 240, "cm": [[0, 0, 1, 0], [0, 0, 3, 0], [0, 0, 35, 0], [0, 0, 0, 691]]}
{"time": 241, "cm": [[0, 0, 1, 0], [0, 0, 3, 0], [0, 0, 35, 0], [0, 0, 0, 691]]}
{"time": 242, "cm": [[0, 0, 1, 0], [0, 0, 3, 0], [0, 0, 35, 0], [0, 0, 0, 691]]}
{"time": 243, "cm": [[0, 0, 1, 0], [0, 0, 3, 0], [0, 0, 35, 0], [0, 0, 0, 691]]}
{"time": 244, "cm": [[0, 0, 1, 0], [0, 0, 3, 0], [0, 0, 35, 0], [0, 0, 0, 691]]}
{"time": 245, "cm": [[0, 0, 1, 0], [0, 0, 3, 0], [0, 0, 35, 0], [0, 0, 0, 691]]}
{"time": 246, "cm": [[0, 0, 1, 1], [0, 0, 3, 0], [0, 0, 35, 0], [0, 0, 0, 690]]}
{"time": 247, "cm": [[0, 0, 2, 0], [0, 0, 3, 0], [0, 0, 35, 0], [0, 0, 0, 690]]}
{"time": 248, "cm": [[0, 0, 2, 0], [0, 0, 3, 0], [0, 0, 35, 0], [0, 0, 0, 690]]}
{"time": 249, "cm": [[0, 0, 2, 0], [0, 0, 3, 0], [0, 0, 35, 0], [0, 0, 0, 690]]}
{"time": 250, "cm": [[0, 0, 2, 0], [0, 0, 3, 0], [0, 0, 35, 0], [0, 0, 0, 690]]}
{"time": 251, "cm": [[0, 0, 2, 0], [0, 0, 3, 0], [0, 0, 35, 0], [0, 0, 0, 690]]}
{"time": 252, "cm": [[0, 0, 2, 0], [0, 0, 3, 0], [0, 0, 35, 0], [0, 0, 0, 690]]}
{"time": 253, "cm": [[0, 0, 0, 0, 1], [0, 0, 0, 2, 0], [0, 0, 0, 3, 0], [0, 0, 0, 35, 0], [0, 0, 0, 0, 689]]}
{"time": 254, "cm": [[0, 0, 0, 1, 0], [0, 0, 0, 2, 0], [0, 0, 0, 3, 0], [0, 0, 0, 35, 0], [0, 0, 0, 0, 689]]}
{"time": 255, "cm": [[0, 0, 0, 1, 0], [0, 0, 0, 2, 0], [0, 0, 0, 3, 0], [0, 0, 0, 35, 0], [0, 0, 0, 0, 689]]}
{"time": 256, "cm": [[0, 0, 0, 1, 0], [0, 0, 0, 2, 0], [0, 0, 0, 3, 0], [0, 0, 0, 35, 0], [0, 0, 0, 0, 689]]}
{"time": 257, "cm": [[0, 0, 0, 1, 0], [0, 0, 0, 2, 0], [0, 0, 0, 3, 0], [0, 0, 0, 35, 0], [0, 0, 0, 0, 689]]}
{"time": 258, "cm": [[0, 0, 0, 1, 0], [0, 0, 0, 2, 0], [0, 0, 0, 3, 0], [0, 0, 0, 35, 0], [0, 0, 0, 0, 689]]}
{"time": 259, "cm": [[0, 0, 0, 1, 0], [0, 0, 0, 2, 0], [0, 0, 0, 3, 0], [0, 0, 0, 35, 0], [0, 0, 0, 0, 689]]}
{"time": 260, "cm": [[0, 0, 0, 1, 0], [0, 0, 0, 2, 0], [0, 0, 0, 3, 0], [0, 0, 0, 35, 0], [0, 0, 0, 0, 689]]}
{"time": 261, "cm": [[0, 0, 0, 1, 0], [0, 0, 0, 2, 0], [0, 0, 0, 3, 0], [0, 0, 0, 35, 0], [0, 0, 0, 0, 689]]}
{"time": 262, "cm": [[0, 0, 0, 1, 0], [0, 0, 0, 2, 0], [0, 0, 0, 3, 0], [0, 0, 0, 35, 0], [0, 0, 0, 0, 689]]}
{"time": 263, "cm": [[0, 0, 0, 1, 0], [0, 0, 0, 2, 0], [0, 0, 0, 3, 0], [0, 0, 0, 35, 0], [0, 0, 0, 0, 689]]}
{"time": 264, "cm": [[0, 0, 0, 1, 0], [0, 0, 0, 2, 0], [0, 0, 0, 3, 0], [0, 0, 0, 35, 0], [0, 0, 0, 0, 689]]}
{"time": 265, "cm": [[0, 0, 0, 1, 0], [0, 0, 0, 2, 0], [0, 0, 0, 3, 0], [0, 0, 0, 35, 0], [0, 0, 0, 0, 689]]}
{"time": 266, "cm": [[0, 0, 0, 1, 0], [0, 0, 0, 2, 0], [0, 0, 0, 3, 0], [0, 0, 0, 35, 0], [0, 0, 0, 0, 689]]}
{"time": 267, "cm": [[0, 0, 0, 1, 0], [0, 0, 0, 2, 0], [0, 0, 0, 3, 0], [0, 0, 0, 35, 0], [0, 0, 0, 0, 689]]}
{"time": 268, "cm": [[0, 0, 0, 1, 0], [0, 0, 0, 2, 0], [0, 0, 0, 3, 0], [0, 0, 0, 35, 0], [0, 0, 0, 0, 689]]}
{"time": 269, "cm": [[0, 0, 0, 1, 0], [0, 0, 0, 2, 0], [0, 0, 0, 3, 0], [0, 0, 0, 35, 0], [0, 0, 0, 0, 689]]}
{"time": 270, "cm": [[0, 0, 0, 1, 0], [0, 0, 0, 2, 0], [0, 0, 0, 3, 0], [0, 0, 0, 35, 0], [0, 0, 0, 0, 689]]}
{"time": 271, "cm": [[0, 0, 0, 1, 0], [0, 0, 0, 2, 0], [0, 0, 0, 3, 0], [0, 0, 0, 35, 0], [0, 0, 0, 0, 689]]}
{"time": 272, "cm": [[0, 0, 0, 1, 0], [0, 0, 0, 2, 0], [0, 0, 0, 3, 0], [0, 0, 0, 35, 0], [0, 0, 0, 0, 689]]}
{"time": 273, "cm": [[0, 0, 0, 1, 0], [0, 0, 0, 2, 0], [0, 0, 0, 3, 0], [0, 0, 0, 35, 0], [0, 0, 0, 0, 689]]}
{"time": 274, "cm": [[0, 0, 0, 1, 0], [0, 0, 0, 2, 0], [0, 0, 0, 3, 0], [0, 0, 0, 35, 0], [0, 0, 0, 0, 689]]}
{"time": 275, "cm": [[0, 0, 0, 1, 0], [0, 0, 0, 2, 0], [0, 0, 0, 3, 0], [0, 0, 0, 35, 0], [0, 0, 0, 0, 689]]}
{"time": 276, "cm": [[0, 0, 0, 1, 0], [0, 0, 0, 2, 0], [0, 0, 0, 3, 0], [0, 0, 0, 35, 0], [0, 0, 0, 0, 689]]}
{"time": 277, "cm": [[0, 0, 0, 1, 0], [0, 0, 0, 2, 0], [0, 0, 0, 3, 0], [0, 0, 0, 35, 0], [0, 0, 0, 0, 689]]}
{"time": 278, "cm": [[0, 0, 0, 1, 0], [0, 0, 0, 2, 0], [0, 0, 0, 3, 0], [0, 0, 0, 35, 0], [0, 0, 0, 0, 689]]}
{"time": 279, "cm": [[0, 0, 0, 1, 0], [0, 0, 0, 2, 0], [0, 0, 0, 3, 0], [0, 0, 0, 35, 0], [0, 0, 0, 0, 689]]}
{"time": 280, "cm": [[0, 0, 0, 1, 0], [0, 0, 0, 2, 0], [0, 0, 0, 3, 0], [0, 0, 0, 35, 0], [0, 0, 0, 0, 689]]}
{"time": 281, "cm": [[0, 0, 0, 1, 0], [0, 0, 0, 2, 0], [0, 0, 0, 3, 0], [0, 0, 0, 35, 0], [0, 0, 0, 0, 689]]}
{"time": 282, "cm": [[0, 0, 0, 1, 0], [0, 0, 0, 2, 0], [0, 0, 0, 3, 0], [0, 0, 0, 35, 0], [0, 0, 0, 0, 689]]}
{"time": 283, "cm": [[0, 0, 0, 1, 0], [0, 0, 0, 2, 0], [0, 0, 0, 3, 0], [0, 0, 0, 35, 0], [0, 0, 0, 0, 689]]}
{"time": 284, "cm": [[0, 0, 0, 1, 0], [0, 0, 0, 2, 0], [0, 0, 0, 3, 0], [0, 0, 0, 35, 0], [0, 0, 0, 0, 689]]}
{"time": 285, "cm": [[0, 0, 0, 1, 0], [0, 0, 0, 2, 0], [0, 0, 0, 3, 0], [0, 0, 0, 35, 0], [0, 0, 0, 0, 689]]}
{"time": 286, "cm": [[0, 0, 0, 1, 0], [0, 0, 0, 2, 0], [0, 0, 0, 3, 0], [0, 0, 0, 35, 0], [0, 0, 0, 0, 689]]}
{"time": 287, "cm": [[0, 0, 0, 1, 0], [0, 0, 0, 2, 0], [0, 0, 0, 3, 0], [0, 0, 0, 35, 0], [0, 0, 0, 0, 689]]}
{"time": 288, "cm": [[0, 0, 0, 1, 0], [0, 0, 0, 2, 0], [0, 0, 0, 3, 0], [0, 0, 0, 35, 0], [0, 0, 0, 0, 689]]}
{"time": 289, "cm": [[0, 0, 0, 1, 0], [0, 0, 0, 2, 0], [0, 0, 0, 3, 0], [0, 0, 0, 35, 0], [0, 0, 0, 0, 689]]}
{"time": 290, "cm": [[0, 0, 0, 1, 0], [0, 0, 0, 2, 0], [0, 0, 0, 3, 0], [0, 0, 0, 35, 0], [0, 0, 0, 0, 689]]}
{"time": 291, "cm": [[0, 0, 0, 1, 0], [0, 0, 0, 2, 0], [0, 0, 0, 3, 0], [0, 0, 0, 35, 0], [0, 0, 0, 0, 689]]}
{"time": 292, "cm": [[0, 0, 0, 1, 0], [0, 0, 0, 2, 0], [0, 0, 0, 3, 0], [0, 0, 0, 35, 0], [0, 0, 0, 0, 689]]}
{"time": 293, "cm": [[0, 0, 0, 1, 0], [0, 0, 0, 2, 0], [0, 0, 0, 3, 0], [0, 0, 0, 35, 0], [0, 0, 0, 0, 689]]}
{"time": 294, "cm": [[0, 0, 0, 1, 0], [0, 0, 0, 2, 0], [0, 0, 0, 3, 0], [0, 0, 0, 35, 0], [0, 0, 0, 0, 689]]}
{"time": 295, "cm": [[0, 0, 0, 1, 0], [0, 0, 0, 2, 0], [0, 0, 0, 3, 0], [0, 0, 0, 35, 0], [0, 0, 0, 0, 689]]}
{"time": 296, "cm": [[0, 0, 0, 1, 0], [0, 0, 0, 2, 0], [0, 0, 0, 3, 0], [0, 0, 0, 35, 0], [0, 0, 0, 0, 689]]}
{"time": 297, "cm": [[0, 0, 0, 1, 0], [0, 0, 0, 2, 0], [0, 0, 0, 3, 0], [0, 0, 0, 35, 0], [0, 0, 0, 0, 689]]}
{"time": 298, "cm": [[0, 0, 0, 1, 0], [0, 0, 0, 2, 0], [0, 0, 0, 3, 0], [0, 0, 0, 35, 0], [0, 0, 0, 0, 689]]}
{"time": 299, "cm": [[0, 0, 0, 1, 0], [0, 0, 0, 2, 0], [0, 0, 0, 3, 0], [0, 0, 0, 35, 0], [0, 0, 0, 0, 689]]}
micro{'p': 0.9956575342465762, 'r': 0.9956575342465762, 'f': 0.9956575342465762, 'a': 0.9956575342465762, 'a1': 0.9478310502283095, 'm': 0.9567770929386707, 'c': 0.17269733548164368}
{'p': 0.9956575342465762, 'r': 0.9956575342465762, 'f': 0.9956575342465762, 'a': 0.9956575342465762, 'a1': 0.9478310502283095, 'm': 0.9567770929386707, 'c': 0.17269733548164368}
